Policy Number
0000295051
0000295476
0000301301
0000316310
0000317528
0000320324
0000322317
0000329619
0000331853
0000336952
0000336953
0000337573
0000338147
0000339432
0000339580
0000340536
0000340561
0000342003
0000342976
0000343408
0000343737
0000344155
0000344815
0000345654
0000345739
0000346475
0000346476
0000347345
0000347346
0000348148
0000348185
0000349652
0000349657
0000349662
0000350966
0000351159
0000351675
0000351676
0000352378
0000352379
0000357032
0000357033
0000357492
0000357495
0000358518
0000359909
0000359954
0000360982
0000362409
0000362418
0000362538
0000362592
0000403481
0000443806
0000443961
0000454217
0000456148
0000459333
0000479072
0000505803
0000509572
205053736
206039579
210396703
JJ7021660
JJ7051159
